Gene                      Capacity   Entropy    Info       logC       R         
DP01039                   594.000    362.462    231.538    9.214      1.565     
DP01091                   266.000    164.388    101.612    8.055      1.618     
DP01099                   350.000    223.261    126.739    8.451      1.762     
DP00981                   173.000    124.927    48.073     7.435      2.599     
DP00985                   305.000    198.124    106.876    8.253      1.854     
DP00142                   209.000    162.787    46.213     7.707      3.523     
DP00024                   98.000     67.279     30.721     6.615      2.190     
DP00023                   328.000    210.415    117.585    8.358      1.789     
DP01003                   101.000    92.811     8.189      6.658      11.333    
DP00322                   404.000    273.117    130.883    8.658      2.087     
DP00324                   372.000    324.795    47.205     8.539      6.881     
DP00285                   848.000    820.854    27.146     9.728      30.238    
DP00733                   524.000    318.448    205.552    9.033      1.549     
DP00510                   82.000     81.727     0.273      6.358      299.673   
DP00450                   1332.000   829.271    502.729    10.379     1.650     
DP00964                   53.000     28.294     24.706     5.728      1.145     
DP00962                   750.000    505.227    244.773    9.551      2.064     
DP00807                   132.000    114.175    17.825     7.044      6.405     
DP00607                   210.000    163.739    46.261     7.714      3.539     
DP00219                   126.000    125.043    0.957      6.977      130.709   
DP00210                   217.000    141.279    75.721     7.762      1.866     
DP00108                   421.000    270.919    150.081    8.718      1.805     
DP00107                   376.000    210.617    165.383    8.555      1.274     
DP00088                   663.000    231.965    431.035    9.373      0.538     
DP00087                   490.000    360.013    129.987    8.937      2.770     
DP00492                   920.000    723.556    196.444    9.845      3.683     
DP00072                   34350.000  24590.562  9759.438   15.068     2.520     
DP00774                   449.000    281.117    167.883    8.811      1.674     
DP00079                   530.000    374.193    155.807    9.050      2.402     
DP01074                   86.000     85.347     0.653      6.426      130.697   
DP00175                   619.000    564.804    54.196     9.274      10.422    
DP00797                   167.000    144.657    22.343     7.384      6.474     
DP00792                   131.000    94.697     36.303     7.033      2.609     
DP00654                   725.000    424.621    300.379    9.502      1.414     
DP00651                   1738.000   1216.044   521.956    10.763     2.330     
DP00251                   575.000    533.804    41.196     9.167      12.958    
DP00259                   147.000    78.845     68.155     7.200      1.157     
DP00311                   287.000    163.255    123.745    8.165      1.319     
DP00420                   854.000    726.536    127.464    9.738      5.700     
DP00429                   419.000    250.298    168.702    8.711      1.484     
DP00851                   256.000    84.528     171.472    8.000      0.493     
DP00557                   2233.000   1408.838   824.162    11.125     1.709     
DP00552                   216.000    178.893    37.107     7.755      4.821     
DP01011                   185.000    129.239    55.761     7.531      2.318     
DP01083                   680.000    442.508    237.492    9.409      1.863     
DP01088                   89.000     83.645     5.355      6.476      15.618    
DP00531                   115.000    112.739    2.261      6.845      49.862    
DP00137                   65.000     60.473     4.527      6.022      13.357    
DP00033                   638.000    449.761    188.239    9.317      2.389     
DP00034                   424.000    317.517    106.483    8.728      2.982     
DP00887                   168.000    142.841    25.159     7.392      5.678     
DP00296                   82.000     51.616     30.384     6.358      1.699     
DP00298                   233.000    150.712    82.288     7.864      1.832     
DP00689                   186.000    185.563    0.437      7.539      424.586   
DP00687                   215.000    140.498    74.502     7.748      1.886     
DP01101                   169.000    161.366    7.634      7.401      21.138    
DP01104                   2555.000   2105.380   449.620    11.319     4.683     
DP00043                   239.000    191.586    47.414     7.901      4.041     
DP00666                   1257.000   850.417    406.583    10.296     2.092     
DP00509                   86.000     42.265     43.735     6.426      0.966     
DP00668                   189.000    121.532    67.468     7.562      1.801     
DP00957                   464.000    352.253    111.747    8.858      3.152     
DP00814                   110.000    109.942    0.058      6.781      1899.432  
DP00610                   1206.000   991.550    214.450    10.236     4.624     
DP00615                   3010.000   1742.578   1267.422   11.556     1.375     
DP00348                   2441.000   2140.771   300.229    11.253     7.130     
DP00342                   582.000    523.157    58.843     9.185      8.891     
DP00594                   1073.000   938.248    134.752    10.067     6.963     
DP00463                   991.000    581.441    409.559    9.953      1.420     
DP00347                   87.000     69.670     17.330     6.443      4.020     
DP00090                   419.000    273.983    145.017    8.711      1.889     
DP00096                   262.000    174.435    87.565     8.033      1.992     
DP00390                   418.000    293.058    124.942    8.707      2.346     
DP00398                   687.000    463.364    223.636    9.424      2.072     
DP00006                   105.000    88.096     16.904     6.714      5.212     
DP00766                   196.000    144.241    51.759     7.615      2.787     
DP00169                   445.000    286.573    158.427    8.798      1.809     
DP00166                   210.000    184.941    25.059     7.714      7.380     
DP00163                   265.000    218.067    46.933     8.050      4.646     
DP00783                   264.000    196.865    67.135     8.044      2.932     
DP00627                   288.000    220.759    67.241     8.170      3.283     
DP00914                   193.000    151.179    41.821     7.592      3.615     
DP00912                   142.000    121.191    20.809     7.150      5.824     
DP00309                   1210.000   817.632    392.368    10.241     2.084     
DP00303                   154.000    110.429    43.571     7.267      2.534     
DP00537                   478.000    352.645    125.355    8.901      2.813     
DP00436                   445.000    315.753    129.247    8.798      2.443     
DP00539                   486.000    468.448    17.552     8.925      26.689    
DP00864                   211.000    161.835    49.165     7.721      3.292     
DP00236                   304.000    293.580    10.420     8.248      28.174    
DP00233                   741.000    575.940    165.060    9.533      3.489     
DP00658                   193.000    190.023    2.977      7.592      63.829    
DP00068                   206.000    184.814    21.186     7.687      8.723     
DP00039                   90.000     89.999     0.001      6.492      105542.446
DP00188                   332.000    264.873    67.127     8.375      3.946     
DP01025                   107.000    86.258     20.742     6.741      4.159     
DP00129                   549.000    462.916    86.084     9.101      5.377     
DP00155                   288.000    243.925    44.075     8.170      5.534     
DP00896                   497.000    380.969    116.031    8.957      3.283     
DP00154                   583.000    477.765    105.235    9.187      4.540     
DP00757                   110.000    86.863     23.137     6.781      3.754     
DP00696                   94.000     62.860     31.140     6.555      2.019     
DP00197                   180.000    145.870    34.130     7.492      4.274     
DP00192                   190.000    141.557    48.443     7.570      2.922     
DP00052                   302.000    206.880    95.120     8.238      2.175     
DP00670                   383.000    257.401    125.599    8.581      2.049     
DP00571                   470.000    279.627    190.373    8.877      1.469     
DP00824                   83.000     66.711     16.289     6.375      4.095     
DP00156                   363.000    306.729    56.271     8.504      5.451     
DP00152                   336.000    263.709    72.291     8.392      3.648     
DP00559                   398.000    283.633    114.367    8.637      2.480     
DP00588                   3011.000   1700.654   1310.346   11.556     1.298     
DP00375                   263.000    158.615    104.385    8.039      1.520     
DP00378                   785.000    708.031    76.969     9.617      9.199     
DP00404                   365.000    231.681    133.319    8.512      1.738     
DP00472                   639.000    471.553    167.447    9.320      2.816     
DP00218                   1004.000   896.583    107.417    9.972      8.347     
DP00999                   1253.000   800.708    452.292    10.291     1.770     
DP01087                   101.000    92.261     8.739      6.658      10.557    
DP00380                   111.000    73.725     37.275     6.794      1.978     
DP00387                   116.000    94.384     21.616     6.858      4.366     
DP00786                   162.000    136.684    25.316     7.340      5.399     
DP01097                   151.000    144.625    6.375      7.238      22.687    
DP01098                   505.000    301.234    203.766    8.980      1.478     
DP00987                   61.000     50.611     10.389     5.931      4.872     
DP00146                   75.000     50.234     24.766     6.229      2.028     
DP00028                   118.000    113.282    4.718      6.883      24.013    
DP00027                   97.000     88.013     8.987      6.600      9.794     
DP01009                   839.000    722.622    116.378    9.713      6.209     
DP01004                   76.000     58.824     17.176     6.248      3.425     
DP00323                   434.000    300.489    133.511    8.762      2.251     
DP00325                   166.000    165.027    0.973      7.375      169.560   
DP00284                   575.000    412.514    162.486    9.167      2.539     
DP00732                   1251.000   749.508    501.492    10.289     1.495     
DP00513                   101.000    66.402     34.598     6.658      1.919     
DP00518                   196.000    175.068    20.932     7.615      8.364     
DP00965                   195.000    193.959    1.041      7.607      186.380   
DP00963                   337.000    329.290    7.710      8.397      42.709    
DP00806                   188.000    146.099    41.901     7.555      3.487     
DP00606                   260.000    258.192    1.808      8.022      142.793   
DP00217                   200.000    166.817    33.183     7.644      5.027     
DP00358                   160.000    131.312    28.688     7.322      4.577     
DP00102                   1979.000   1631.057   347.943    10.951     4.688     
DP00104                   286.000    242.548    43.452     8.160      5.582     
DP00083                   281.000    263.652    17.348     8.134      15.198    
DP00086                   393.000    340.442    52.558     8.618      6.477     
DP00076                   1428.000   991.182    436.818    10.480     2.269     
DP00778                   268.000    195.694    72.306     8.066      2.706     
DP00776                   137.000    122.029    14.971     7.098      8.151     
DP01071                   422.000    406.965    15.035     8.721      27.068    
DP00179                   68.000     67.756     0.244      6.087      278.239   
DP00174                   149.000    148.419    0.581      7.219      255.629   
DP00796                   129.000    82.589     46.411     7.011      1.780     
DP00791                   111.000    94.458     16.542     6.794      5.710     
DP00655                   677.000    415.630    261.370    9.403      1.590     
DP00073                   313.000    195.852    117.148    8.290      1.672     
DP00256                   373.000    353.903    19.097     8.543      18.532    
DP00925                   277.000    109.069    167.931    8.114      0.649     
DP00310                   437.000    269.742    167.258    8.771      1.613     
DP00423                   258.000    236.227    21.773     8.011      10.849    
DP00428                   603.000    400.201    202.799    9.236      1.973     
DP00853                   147.000    124.418    22.582     7.200      5.510     
DP00224                   667.000    639.700    27.300     9.382      23.433    
DP00490                   538.000    399.317    138.683    9.071      2.879     
DP01077                   823.000    795.899    27.101     9.685      29.368    
DP01084                   610.000    414.934    195.066    9.253      2.127     
DP01089                   33.000     31.541     1.459      5.044      21.620    
DP01035                   226.000    214.517    11.483     7.820      18.681    
DP00136                   219.000    213.153    5.847      7.775      36.453    
DP00030                   777.000    584.013    192.987    9.602      3.026     
DP00546                   129.000    122.947    6.053      7.011      20.311    
DP00886                   91.000     66.991     24.009     6.508      2.790     
DP00297                   239.000    149.877    89.123     7.901      1.682     
DP00299                   111.000    67.688     43.312     6.794      1.563     
DP00723                   345.000    198.406    146.594    8.430      1.353     
DP00686                   602.000    353.841    248.159    9.234      1.426     
DP00959                   862.000    756.060    105.940    9.752      7.137     
DP00049                   1187.000   1120.485   66.515     10.213     16.845    
DP00042                   70.000     69.998     0.002      6.129      32775.341 
DP00664                   173.000    172.382    0.618      7.435      278.841   
DP00506                   207.000    138.918    68.082     7.693      2.040     
DP00818                   70.000     55.379     14.621     6.129      3.787     
DP00956                   89.000     70.498     18.502     6.476      3.810     
DP00815                   206.000    196.762    9.238      7.687      21.300    
DP00611                   646.000    539.327    106.673    9.335      5.056     
DP00263                   132.000    85.798     46.202     7.044      1.857     
DP00349                   321.000    168.412    152.588    8.326      1.104     
DP00929                   86.000     76.677     9.323      6.426      8.224     
DP00465                   99.000     76.421     22.579     6.629      3.385     
DP00462                   390.000    230.965    159.035    8.607      1.452     
DP00951                   238.000    237.431    0.569      7.895      417.390   
DP00091                   267.000    215.684    51.316     8.061      4.203     
DP00097                   194.000    184.833    9.167      7.600      20.163    
DP00397                   330.000    176.763    153.237    8.366      1.154     
DP00003                   529.000    392.913    136.087    9.047      2.887     
DP00005                   107.000    94.750     12.250     6.741      7.735     
DP00767                   397.000    372.345    24.655     8.633      15.102    
DP01068                   411.000    381.948    29.052     8.683      13.147    
DP00167                   183.000    122.720    60.280     7.516      2.036     
DP00996                   141.000    105.137    35.863     7.140      2.932     
DP00623                   389.000    337.905    51.095     8.604      6.613     
DP00626                   139.000    76.288     62.712     7.119      1.216     
DP00917                   273.000    192.413    80.587     8.093      2.388     
DP00919                   208.000    149.068    58.932     7.700      2.530     
DP00719                   410.000    313.843    96.157     8.679      3.264     
DP00304                   481.000    303.185    177.815    8.910      1.705     
DP00534                   131.000    107.842    23.158     7.033      4.657     
DP00437                   418.000    343.426    74.574     8.707      4.605     
DP00861                   151.000    123.612    27.388     7.238      4.513     
DP00866                   72.000     65.874     6.126      6.170      10.752    
DP00541                   590.000    539.941    50.059     9.205      10.786    
DP00549                   134.000    125.510    8.490      7.066      14.784    
DP01058                   141.000    127.045    13.955     7.140      9.104     
DP00329                   224.000    198.789    25.211     7.807      7.885     
DP00186                   143.000    142.516    0.484      7.160      294.344   
DP00120                   771.000    761.893    9.107      9.591      83.658    
DP00123                   458.000    314.801    143.199    8.839      2.198     
DP01028                   224.000    163.494    60.506     7.807      2.702     
DP00892                   77.000     72.488     4.512      6.267      16.066    
DP00897                   451.000    353.877    97.123     8.817      3.644     
DP00753                   151.000    119.790    31.210     7.238      3.838     
DP00756                   238.000    157.755    80.245     7.895      1.966     
DP00225                   915.000    786.057    128.943    9.838      6.096     
DP00196                   708.000    705.358    2.642      9.468      266.939   
DP00054                   416.000    301.952    114.048    8.700      2.648     
DP00499                   430.000    275.155    154.845    8.748      1.777     
DP00553                   848.000    555.453    292.547    9.728      1.899     
DP00220                   345.000    185.015    159.985    8.430      1.156     
DP00827                   70.000     48.722     21.278     6.129      2.290     
DP00828                   80.000     50.214     29.786     6.322      1.686     
DP00582                   54.000     41.404     12.596     5.755      3.287     
DP00944                   241.000    228.237    12.763     7.913      17.882    
DP00558                   379.000    241.862    137.138    8.566      1.764     
DP00374                   226.000    161.732    64.268     7.820      2.517     
DP00273                   350.000    205.891    144.109    8.451      1.429     
DP00400                   582.000    336.750    245.250    9.185      1.373     
DP00473                   593.000    360.154    232.846    9.212      1.547     
DP00350                   151.000    83.789     67.211     7.238      1.247     
DP00998                   340.000    254.827    85.173     8.409      2.992     
DP00991                   316.000    174.617    141.383    8.304      1.235     
DP00381                   848.000    643.472    204.528    9.728      3.146     
DP00389                   1023.000   761.878    261.122    9.999      2.918     
DP00015                   76.000     66.247     9.753      6.248      6.792     
DP01013                   72.000     54.146     17.854     6.170      3.033     
DP01016                   96.000     59.821     36.179     6.585      1.654     
DP00631                   284.000    271.266    12.734     8.150      21.302    
DP00903                   144.000    105.820    38.180     7.170      2.772     
DP00908                   84.000     70.340     13.660     6.392      5.150     
DP00332                   317.000    288.958    28.042     8.308      10.304    
DP00705                   109.000    105.073    3.927      6.768      26.757    
DP00524                   1192.000   1034.511   157.489    10.219     6.569     
DP00415                   156.000    127.339    28.661     7.285      4.443     
DP00053                   350.000    222.064    127.936    8.451      1.736     
DP00973                   204.000    162.156    41.844     7.672      3.875     
DP00874                   477.000    310.731    166.269    8.898      1.869     
DP00978                   843.000    444.336    398.664    9.719      1.115     
DP00207                   1061.000   889.436    171.564    10.051     5.184     
DP00690                   323.000    176.943    146.057    8.335      1.211     
DP00119                   310.000    308.471    1.529      8.276      201.770   
DP00111                   440.000    304.184    135.816    8.781      2.240     
DP01054                   98.000     74.088     23.912     6.615      3.098     
DP01050                   102.000    71.568     30.432     6.672      2.352     
DP00741                   66.000     43.763     22.237     6.044      1.968     
DP00051                   423.000    227.976    195.024    8.725      1.169     
DP01040                   280.000    270.598    9.402      8.129      28.780    
DP00060                   336.000    219.982    116.018    8.392      1.896     
DP00067                   147.000    109.365    37.635     7.200      2.906     
DP00645                   185.000    159.807    25.193     7.531      6.343     
DP00562                   219.000    121.531    97.469     7.775      1.247     
DP00567                   112.000    81.707     30.293     6.807      2.697     
DP00835                   283.000    196.130    86.870     8.145      2.258     
DP00241                   726.000    573.966    152.034    9.504      3.775     
DP00932                   186.000    146.323    39.677     7.539      3.688     
DP00935                   81.000     45.310     35.690     6.340      1.270     
DP00365                   499.000    324.270    174.730    8.963      1.856     
DP00410                   1435.000   913.587    521.413    10.487     1.752     
DP00576                   364.000    259.962    104.038    8.508      2.499     
DP01064                   296.000    201.876    94.124     8.209      2.145     
DP01065                   724.000    520.199    203.801    9.500      2.552     
DP01032                   1091.000   935.875    155.125    10.091     6.033     
DP00489                   360.000    245.996    114.004    8.492      2.158     
DP00482                   162.000    117.498    44.502     7.340      2.640     
DP00031                   293.000    165.268    127.732    8.195      1.294     
DP01092                   88.000     85.875     2.125      6.459      40.410    
DP01094                   88.000     50.495     37.505     6.459      1.346     
DP00980                   142.000    115.784    26.216     7.150      4.417     
DP00984                   167.000    130.207    36.793     7.384      3.539     
DP00145                   124.000    98.348     25.652     6.954      3.834     
DP00025                   1018.000   882.693    135.307    9.992      6.524     
DP00020                   827.000    684.199    142.801    9.692      4.791     
DP01002                   222.000    150.431    71.569     7.794      2.102     
DP00941                   1102.000   727.669    374.331    10.106     1.944     
DP00327                   338.000    208.833    129.167    8.401      1.617     
DP00282                   1500.000   910.126    589.874    10.551     1.543     
DP00730                   109.000    96.147     12.853     6.768      7.481     
DP00458                   650.000    439.408    210.592    9.344      2.087     
DP00516                   253.000    156.531    96.469     7.983      1.623     
DP00271                   348.000    142.439    205.561    8.443      0.693     
DP00961                   851.000    602.933    248.067    9.733      2.431     
DP00800                   535.000    332.857    202.143    9.063      1.647     
DP00356                   270.000    237.947    32.053     8.077      7.423     
DP00351                   910.000    697.887    212.113    9.830      3.290     
DP00608                   536.000    468.918    67.082     9.066      6.990     
DP00722                   178.000    142.342    35.658     7.476      3.992     
DP00101                   500.000    381.448    118.552    8.966      3.218     
DP00089                   315.000    189.837    125.163    8.299      1.517     
DP00080                   341.000    316.317    24.683     8.414      12.815    
DP00683                   234.000    208.367    25.633     7.870      8.129     
DP00075                   765.000    621.439    143.561    9.579      4.329     
DP00775                   586.000    451.727    134.273    9.195      3.364     
DP00078                   380.000    351.867    28.133     8.570      12.507    
DP01075                   1076.000   1055.972   20.028     10.071     52.725    
DP01078                   1460.000   1229.755   230.245    10.512     5.341     
DP00171                   648.000    435.630    212.370    9.340      2.051     
DP00793                   115.000    99.757     15.243     6.845      6.544     
DP00657                   265.000    264.111    0.889      8.050      297.034   
DP00799                   96.000     68.425     27.575     6.585      2.481     
DP00250                   258.000    176.736    81.264     8.011      2.175     
DP00922                   192.000    143.477    48.523     7.585      2.957     
DP00319                   636.000    515.746    120.254    9.313      4.289     
DP00421                   202.000    201.103    0.897      7.658      224.270   
DP00427                   887.000    547.916    339.084    9.793      1.616     
DP00850                   337.000    228.846    108.154    8.397      2.116     
DP00554                   1473.000   990.433    482.567    10.525     2.052     
DP00221                   585.000    584.735    0.265      9.192      2210.366  
DP00228                   1873.000   1008.435   864.565    10.871     1.166     
DP01082                   1889.000   1404.179   484.821    10.883     2.896     
DP00176                   720.000    487.553    232.447    9.492      2.097     
DP00148                   512.000    399.313    112.687    9.000      3.544     
DP01036                   105.000    104.744    0.256      6.714      408.468   
DP00032                   506.000    321.377    184.623    8.983      1.741     
DP01038                   65.000     62.884     2.116      6.022      29.713    
DP00880                   300.000    207.361    92.639     8.229      2.238     
DP00889                   86.000     74.626     11.374     6.426      6.561     
DP00798                   304.000    225.821    78.179     8.248      2.889     
DP00725                   165.000    98.643     66.357     7.366      1.487     
DP00685                   94.000     58.114     35.886     6.555      1.619     
DP00729                   100.000    61.149     38.851     6.644      1.574     
DP01105                   672.000    447.645    224.355    9.392      1.995     
DP00044                   190.000    179.253    10.747     7.570      16.680    
DP00667                   185.000    183.990    1.010      7.531      182.146   
DP00508                   182.000    109.402    72.598     7.508      1.507     
DP00669                   183.000    115.138    67.862     7.516      1.697     
DP00954                   842.000    723.410    118.590    9.718      6.100     
DP00812                   158.000    98.114     59.886     7.304      1.638     
DP00345                   953.000    703.433    249.567    9.896      2.819     
DP00614                   248.000    153.657    94.343     7.954      1.629     
DP00592                   62.000     61.610     0.390      5.954      157.878   
DP00928                   72.000     55.821     16.179     6.170      3.450     
DP00619                   170.000    105.448    64.552     7.409      1.634     
DP00461                   387.000    284.893    102.107    8.596      2.790     
DP00468                   317.000    222.512    94.488     8.308      2.355     
DP00288                   73.000     57.009     15.991     6.190      3.565     
DP00095                   419.000    257.596    161.404    8.711      1.596     
DP00661                   105.000    94.203     10.797     6.714      8.725     
DP00399                   503.000    303.805    199.195    8.974      1.525     
DP00007                   318.000    215.542    102.458    8.313      2.104     
DP00008                   256.000    225.618    30.382     8.000      7.426     
DP00168                   261.000    184.398    76.602     8.028      2.407     
DP01067                   264.000    231.253    32.747     8.044      7.062     
DP00162                   88.000     53.447     34.553     6.459      1.547     
DP00780                   70.000     46.291     23.709     6.129      1.952     
DP00620                   432.000    280.032    151.968    8.755      1.843     
DP00915                   64.000     59.677     4.323      6.000      13.803    
DP00913                   853.000    475.903    377.097    9.736      1.262     
DP00308                   367.000    214.593    152.407    8.520      1.408     
DP00301                   159.000    94.914     64.086     7.313      1.481     
DP00307                   323.000    210.083    112.917    8.335      1.861     
DP00530                   168.000    167.410    0.590      7.392      283.569   
DP00432                   93.000     84.925     8.075      6.539      10.518    
DP00865                   148.000    97.110     50.890     7.209      1.908     
DP00543                   63.000     60.266     2.734      5.977      22.041    
DP00544                   120.000    118.566    1.434      6.907      82.687    
DP00151                   549.000    502.122    46.878     9.101      10.711    
DP00659                   385.000    310.598    74.402     8.589      4.175     
DP00181                   1970.000   1456.106   513.894    10.944     2.833     
DP01100                   441.000    420.873    20.127     8.785      20.910    
DP01026                   0.000      0.000      0.000      -144269504088896339968.000 0.000     
DP00128                   651.000    633.066    17.934     9.347      35.299    
DP00065                   1315.000   1111.965   203.035    10.361     5.477     
DP00895                   241.000    224.951    16.049     7.913      14.017    
DP00222                   720.000    671.142    48.858     9.492      13.736    
DP00699                   709.000    584.637    124.363    9.470      4.701     
DP00759                   77.000     70.811     6.189      6.267      11.441    
DP00194                   165.000    111.980    53.020     7.366      2.112     
DP00193                   178.000    104.679    73.321     7.476      1.428     
DP00198                   234.000    140.326    93.674     7.870      1.498     
DP00578                   505.000    286.845    218.155    8.980      1.315     
DP00573                   2332.000   1429.425   902.575    11.187     1.584     
DP00575                   212.000    121.887    90.113     7.728      1.353     
DP00822                   137.000    106.212    30.788     7.098      3.450     
DP00584                   613.000    597.631    15.369     9.260      38.886    
DP00581                   206.000    150.844    55.156     7.687      2.735     
DP00943                   817.000    763.419    53.581     9.674      14.248    
DP00372                   106.000    87.599     18.401     6.728      4.760     
DP00379                   348.000    226.789    121.211    8.443      1.871     
DP00407                   654.000    441.799    212.201    9.353      2.082     
DP00605                   663.000    483.974    179.026    9.373      2.703     
DP00600                   201.000    139.160    61.840     7.651      2.250     
DP00211                   240.000    227.760    12.240     7.907      18.608    
DP00997                   253.000    195.849    57.151     7.983      3.427     
DP00992                   138.000    81.817     56.183     7.109      1.456     
DP00385                   420.000    276.523    143.477    8.714      1.927     
DP00013                   165.000    109.223    55.777     7.366      1.958     
DP00018                   198.000    192.009    5.991      7.629      32.050    
DP01010                   204.000    127.338    76.662     7.672      1.661     
DP00540                   345.000    258.619    86.381     8.430      2.994     
DP00636                   1184.000   985.106    198.894    10.209     4.953     
DP00907                   80.000     73.830     6.170      6.322      11.966    
DP00337                   151.000    92.824     58.176     7.238      1.596     
DP00709                   126.000    115.657    10.343     6.977      11.183    
DP00700                   707.000    609.341    97.659     9.466      6.239     
DP00520                   451.000    428.104    22.896     8.817      18.698    
DP00446                   225.000    178.211    46.789     7.814      3.809     
DP00975                   79.000     65.515     13.485     6.304      4.858     
DP00876                   3391.000   2027.992   1363.008   11.727     1.488     
DP00873                   624.000    409.438    214.562    9.285      1.908     
DP00202                   65.000     47.497     17.503     6.022      2.714     
DP00750                   126.000    98.421     27.579     6.977      3.569     
DP00527                   112.000    104.275    7.725      6.807      13.498    
DP00117                   68.000     39.519     28.481     6.087      1.388     
DP00112                   155.000    153.553    1.447      7.276      106.154   
DP00029                   211.000    153.622    57.378     7.721      2.677     
DP00613                   378.000    333.772    44.228     8.562      7.547     
DP00748                   304.000    238.018    65.982     8.248      3.607     
DP00180                   222.000    146.737    75.263     7.794      1.950     
DP01043                   125.000    91.204     33.796     6.966      2.699     
DP01048                   408.000    365.280    42.720     8.672      8.551     
DP00640                   525.000    363.354    161.646    9.036      2.248     
DP00646                   358.000    222.425    135.575    8.484      1.641     
DP00565                   170.000    117.913    52.087     7.409      2.264     
DP00836                   241.000    169.104    71.896     7.913      2.352     
DP00939                   568.000    530.967    37.033     9.150      14.338    
DP00242                   84.000     53.533     30.467     6.392      1.757     
DP00937                   351.000    291.717    59.283     8.455      4.921     
DP00616                   710.000    458.359    251.641    9.472      1.821     
DP00133                   507.000    445.165    61.835     8.986      7.199     
DP00418                   1218.000   927.891    290.109    10.250     3.198     
DP01031                   3033.000   1776.438   1256.562   11.567     1.414     
DP00846                   179.000    115.389    63.611     7.484      1.814     
DP00841                   419.000    296.675    122.325    8.711      2.425     
DP01063                   1016.000   878.048    137.952    9.989      6.365     
DP00486                   640.000    438.224    201.776    9.322      2.172     
DP00037                   250.000    140.459    109.541    7.966      1.282     
DP01096                   2924.000   2392.822   531.178    11.514     4.505     
DP00989                   63.000     56.454     6.546      5.977      8.625     
DP01090                   18562.000  15735.731  2826.269   14.180     5.568     
DP00147                   92.000     67.085     24.915     6.524      2.693     
DP00140                   85.000     67.492     17.508     6.409      3.855     
DP00026                   495.000    415.702    79.298     8.951      5.242     
DP00947                   106.000    80.606     25.394     6.728      3.174     
DP01005                   131.000    86.931     44.069     7.033      1.973     
DP00320                   402.000    240.235    161.765    8.651      1.485     
DP00280                   500.000    333.715    166.285    8.966      2.007     
DP00287                   213.000    162.264    50.736     7.735      3.198     
DP00734                   855.000    714.632    140.368    9.740      5.091     
DP00512                   133.000    96.675     36.325     7.055      2.661     
DP00455                   435.000    269.102    165.898    8.765      1.622     
DP00809                   130.000    103.792    26.208     7.022      3.960     
DP00803                   144.000    97.034     46.966     7.170      2.066     
DP00804                   59.000     39.805     19.195     5.883      2.074     
DP00353                   354.000    232.692    121.308    8.468      1.918     
DP00214                   314.000    284.944    29.056     8.295      9.807     
DP00848                   155.000    125.903    29.097     7.276      4.327     
DP00103                   197.000    149.330    47.670     7.622      3.133     
DP00305                   626.000    386.873    239.127    9.290      1.618     
DP00082                   952.000    829.195    122.805    9.895      6.752     
DP00085                   551.000    468.986    82.014     9.106      5.718     
DP00077                   1323.000   970.287    352.713    10.370     2.751     
DP00070                   140.000    129.728    10.272     7.129      12.629    
DP00771                   155.000    124.761    30.239     7.276      4.126     
DP01070                   568.000    499.651    68.349     9.150      7.310     
DP01076                   959.000    888.195    70.805     9.905      12.544    
DP00173                   331.000    266.025    64.975     8.371      4.094     
DP00795                   44.000     43.998     0.002      5.459      28317.211 
DP00790                   108.000    95.784     12.216     6.755      7.841     
DP00652                   154.000    117.743    36.257     7.267      3.247     
DP00252                   268.000    152.554    115.446    8.066      1.321     
DP00257                   196.000    152.857    43.143     7.615      3.543     
DP00926                   213.000    166.604    46.396     7.735      3.591     
DP00315                   458.000    323.821    134.179    8.839      2.413     
DP00422                   98.000     73.959     24.041     6.615      3.076     
DP00854                   199.000    166.375    32.625     7.637      5.100     
DP00858                   195.000    156.489    38.511     7.607      4.064     
DP00551                   134.000    124.090    9.910      7.066      12.522    
DP00491                   893.000    693.286    199.714    9.803      3.471     
DP01080                   476.000    301.726    174.274    8.895      1.731     
DP01085                   640.000    428.373    211.627    9.322      2.024     
DP00069                   116.000    85.522     30.478     6.858      2.806     
DP00132                   395.000    273.007    121.993    8.626      2.238     
DP00135                   833.000    751.818    81.182     9.702      9.261     
DP00138                   177.000    155.539    21.461     7.468      7.247     
DP00883                   58.000     32.769     25.231     5.858      1.299     
DP00885                   147.000    131.381    15.619     7.200      8.412     
DP00292                   114.000    81.319     32.681     6.833      2.488     
DP00726                   346.000    190.108    155.892    8.435      1.219     
DP00720                   723.000    550.752    172.248    9.498      3.197     
DP00680                   34.000     33.610     0.390      5.087      86.077    
DP01103                   1873.000   993.316    879.684    10.871     1.129     
DP00048                   206.000    145.439    60.561     7.687      2.402     
DP00041                   204.000    193.484    10.516     7.672      18.399    
DP00663                   171.000    164.107    6.893      7.418      23.808    
DP00505                   171.000    92.268     78.732     7.418      1.172     
DP00953                   354.000    266.919    87.081     8.468      3.065     
DP00810                   108.000    77.806     30.194     6.755      2.577     
DP00816                   205.000    198.959    6.041      7.679      32.935    
DP00340                   137.000    90.265     46.735     7.098      1.931     
DP00262                   826.000    663.892    162.108    9.690      4.095     
DP00265                   254.000    189.837    64.163     7.989      2.959     
DP00343                   1424.000   1315.350   108.650    10.476     12.106    
DP00464                   552.000    394.024    157.976    9.109      2.494     
DP00346                   649.000    388.859    260.141    9.342      1.495     
DP00098                   1183.000   952.154    230.846    10.208     4.125     
DP00092                   521.000    325.049    195.951    9.025      1.659     
DP00393                   156.000    115.171    40.829     7.285      2.821     
DP00396                   662.000    498.332    163.668    9.371      3.045     
DP00768                   590.000    577.748    12.252     9.205      47.154    
DP00004                   170.000    126.873    43.127     7.409      2.942     
DP00764                   78.000     65.910     12.090     6.285      5.452     
DP01069                   101.000    89.092     11.908     6.658      7.482     
DP00160                   523.000    366.152    156.848    9.031      2.334     
DP00629                   524.000    352.228    171.772    9.033      2.051     
DP00622                   116.000    85.488     30.512     6.858      2.802     
DP00625                   327.000    293.472    33.528     8.353      8.753     
DP00916                   146.000    96.914     49.086     7.190      1.974     
DP00918                   71.000     47.385     23.615     6.150      2.007     
DP00718                   505.000    337.226    167.774    8.980      2.010     
DP00712                   1544.000   1084.447   459.553    10.592     2.360     
DP00533                   978.000    692.555    285.445    9.934      2.426     
DP00434                   176.000    126.484    49.516     7.459      2.554     
DP00863                   201.000    130.973    70.027     7.651      1.870     
DP00869                   243.000    141.291    101.709    7.925      1.389     
DP00230                   540.000    385.854    154.146    9.077      2.503     
DP00238                   1863.000   1631.922   231.078    10.863     7.062     
DP00580                   50.000     49.204     0.796      5.644      61.822    
DP00958                   123.000    115.074    7.926      6.943      14.519    
DP00187                   254.000    195.524    58.476     7.989      3.344     
DP01023                   510.000    459.654    50.346     8.994      9.130     
DP01027                   241.000    146.537    94.463     7.913      1.551     
DP01029                   173.000    129.040    43.960     7.435      2.935     
DP00893                   638.000    438.760    199.240    9.317      2.202     
DP00898                   112.000    84.787     27.213     6.807      3.116     
DP00752                   189.000    151.494    37.506     7.562      4.039     
DP00226                   229.000    185.672    43.328     7.839      4.285     
DP00694                   228.000    219.995    8.005      7.833      27.482    
DP01053                   127.000    116.878    10.122     6.989      11.546    
DP00223                   433.000    297.981    135.019    8.758      2.207     
DP00674                   2864.000   1529.069   1334.931   11.484     1.145     
DP00672                   237.000    210.146    26.854     7.889      7.826     
DP00678                   864.000    713.494    150.506    9.755      4.741     
DP00820                   99.000     74.427     24.573     6.629      3.029     
DP00125                   106.000    81.894     24.106     6.728      3.397     
DP00583                   193.000    116.546    76.454     7.592      1.524     
DP00249                   161.000    136.917    24.083     7.331      5.685     
DP00278                   382.000    243.523    138.477    8.577      1.759     
DP00377                   232.000    179.283    52.717     7.858      3.401     
DP00274                   1487.000   1377.593   109.407    10.538     12.591    
DP00968                   597.000    538.355    58.645     9.222      9.180     
DP00474                   681.000    465.078    215.922    9.412      2.154     
DP01081                   348.000    232.746    115.254    8.443      2.019     
DP00995                   85.000     83.776     1.224      6.409      68.425    
DP00990                   231.000    161.993    69.007     7.852      2.347     
DP00382                   102.000    63.342     38.658     6.672      1.639     
DP00011                   295.000    194.902    100.098    8.205      1.947     
DP00016                   164.000    142.910    21.090     7.358      6.776     
DP01012                   117.000    87.611     29.389     6.870      2.981     
DP01015                   188.000    127.836    60.164     7.555      2.125     
DP00632                   656.000    634.451    21.549     9.358      29.443    
DP00900                   807.000    619.026    187.974    9.656      3.293     
DP00335                   169.000    133.576    35.424     7.401      3.771     
DP00339                   354.000    184.478    169.522    8.468      1.088     
DP00706                   529.000    510.337    18.663     9.047      27.345    
DP00449                   233.000    152.460    80.540     7.864      1.893     
DP00443                   1432.000   993.775    438.225    10.484     2.268     
DP00977                   80.000     65.347     14.653     6.322      4.460     
DP00878                   56.000     52.589     3.411      5.807      15.418    
DP00875                   192.000    117.995    74.005     7.585      1.594     
DP00201                   108.000    79.148     28.852     6.755      2.743     
DP00206                   157.000    111.313    45.687     7.295      2.436     
DP00269                   1507.000   969.034    537.966    10.557     1.801     
DP00118                   449.000    424.356    24.644     8.811      17.219    
DP00110                   247.000    161.722    85.278     7.948      1.896     
DP00191                   810.000    608.226    201.774    9.662      3.014     
DP00844                   109.000    102.460    6.540      6.768      15.667    
DP00742                   459.000    397.491    61.509     8.842      6.462     
DP00182                   362.000    257.729    104.271    8.500      2.472     
DP01059                   237.000    160.668    76.332     7.889      2.105     
DP00063                   205.000    174.928    30.072     7.679      5.817     
DP00066                   1245.000   806.410    438.590    10.282     1.839     
DP00644                   96.000     52.266     43.734     6.585      1.195     
DP00563                   204.000    197.794    6.206      7.672      31.870    
DP00833                   83.000     64.249     18.751     6.375      3.426     
DP00839                   407.000    344.502    62.498     8.669      5.512     
DP00240                   737.000    579.047    157.953    9.526      3.666     
DP00931                   120.000    94.537     25.463     6.907      3.713     
DP00934                   76.000     66.247     9.753      6.248      6.792     
DP00363                   522.000    317.224    204.776    9.028      1.549     
DP00412                   97.000     68.497     28.503     6.600      2.403     
DP01066                   690.000    486.293    203.707    9.430      2.387     
DP01030                   719.000    622.034    96.966     9.490      6.415     
DP00843                   411.000    338.563    72.437     8.683      4.674     
DP01022                   2000.000   1680.542   319.458    10.966     5.261     
DP00488                   345.000    210.414    134.586    8.430      1.563     
DP01093                   285.000    199.778    85.222     8.155      2.344     
DP01095                   171.000    106.811    64.189     7.418      1.664     
DP00788                   184.000    160.134    23.866     7.524      6.710     
DP00986                   69.000     60.523     8.477      6.109      7.140     
DP00144                   276.000    264.195    11.805     8.109      22.380    
DP00141                   1425.000   1068.550   356.450    10.477     2.998     
DP00021                   691.000    432.349    258.651    9.433      1.672     
DP01001                   104.000    96.774     7.226      6.700      13.393    
DP00940                   332.000    328.942    3.058      8.375      107.583   
DP00321                   663.000    427.859    235.141    9.373      1.820     
DP00328                   581.000    505.609    75.391     9.182      6.706     
DP00286                   341.000    268.549    72.451     8.414      3.707     
DP00736                   859.000    526.486    332.514    9.747      1.583     
DP00517                   1685.000   1194.672   490.328    10.719     2.436     
DP00457                   152.000    105.025    46.975     7.248      2.236     
DP00808                   250.000    222.664    27.336     7.966      8.145     
DP00801                   52.000     24.706     27.294     5.700      0.905     
DP00357                   44.000     43.998     0.002      5.459      28317.211 
DP00352                   316.000    261.397    54.603     8.304      4.787     
DP00609                   1503.000   1280.892   222.108    10.554     5.767     
DP00716                   664.000    613.662    50.338     9.375      12.191    
DP00100                   443.000    314.876    128.124    8.791      2.458     
DP00157                   685.000    560.246    124.754    9.420      4.491     
DP00081                   2129.000   1820.382   308.618    11.056     5.898     
DP00084                   160.000    153.637    6.363      7.322      24.144    
DP00074                   595.000    432.025    162.975    9.217      2.651     
DP00071                   372.000    343.857    28.143     8.539      12.218    
DP00770                   243.000    189.285    53.715     7.925      3.524     
DP01073                   901.000    775.228    125.772    9.815      6.164     
DP01079                   327.000    287.317    39.683     8.353      7.240     
DP00172                   256.000    223.154    32.846     8.000      6.794     
DP00794                   345.000    280.632    64.368     8.430      4.360     
DP00656                   358.000    295.578    62.422     8.484      4.735     
DP00653                   2541.000   2033.400   507.600    11.311     4.006     
DP00253                   309.000    308.914    0.086      8.271      3596.134  
DP00254                   173.000    106.049    66.951     7.435      1.584     
DP00927                   274.000    122.846    151.154    8.098      0.813     
DP00314                   639.000    515.456    123.544    9.320      4.172     
DP00424                   116.000    109.251    6.749      6.858      16.187    
DP00856                   165.000    133.137    31.863     7.366      4.178     
DP00555                   134.000    123.735    10.265     7.066      12.054    
DP00550                   108.000    89.089     18.911     6.755      4.711     
DP00229                   408.000    317.612    90.388     8.672      3.514     
DP00177                   961.000    812.508    148.492    9.908      5.472     
DP01086                   630.000    400.264    229.736    9.299      1.742     
DP00949                   1272.000   973.846    298.154    10.313     3.266     
DP01037                   206.000    152.321    53.679     7.687      2.838     
DP00134                   632.000    482.793    149.207    9.304      3.236     
DP00036                   677.000    593.966    83.034     9.403      7.153     
DP00882                   125.000    96.114     28.886     6.966      3.327     
DP00884                   137.000    117.531    19.469     7.098      6.037     
DP00291                   256.000    170.785    85.215     8.000      2.004     
DP00724                   533.000    342.797    190.203    9.058      1.802     
DP00721                   1083.000   766.601    316.399    10.081     2.423     
DP00728                   246.000    164.579    81.421     7.943      2.021     
DP01102                   526.000    502.518    23.482     9.039      21.400    
DP00047                   169.000    161.747    7.253      7.401      22.299    
DP00040                   107.000    106.999    0.001      6.741      166404.407
DP00662                   462.000    298.247    163.753    8.852      1.821     
DP00628                   386.000    236.032    149.968    8.592      1.574     
DP00955                   242.000    241.601    0.399      7.919      605.611   
DP00811                   140.000    108.199    31.801     7.129      3.402     
DP00344                   149.000    125.421    23.579     7.219      5.319     
DP00341                   781.000    508.427    272.573    9.609      1.865     
DP00618                   548.000    283.952    264.048    9.098      1.075     
DP00617                   70.000     66.522     3.478      6.129      19.125    
DP00591                   1706.000   1244.337   461.663    10.736     2.695     
DP00466                   253.000    192.247    60.753     7.983      3.164     
DP00469                   168.000    167.354    0.646      7.392      259.228   
DP00099                   423.000    248.334    174.666    8.725      1.422     
DP00094                   498.000    357.875    140.125    8.960      2.554     
DP00392                   790.000    458.066    331.934    9.626      1.380     
DP00395                   800.000    585.131    214.869    9.644      2.723     
DP00769                   162.000    115.556    46.444     7.340      2.488     
DP00009                   122.000    83.012     38.988     6.931      2.129     
DP00765                   134.000    110.014    23.986     7.066      4.587     
DP00164                   106.000    79.681     26.319     6.728      3.028     
DP00161                   328.000    262.279    65.721     8.358      3.991     
DP00787                   400.000    290.582    109.418    8.644      2.656     
DP00621                   705.000    433.748    271.252    9.461      1.599     
DP00624                   169.000    158.895    10.105     7.401      15.725    
DP00910                   113.000    75.350     37.650     6.820      2.001     
DP00189                   206.000    145.181    60.819     7.687      2.387     
DP00717                   235.000    202.911    32.089     7.877      6.323     
DP00306                   199.000    127.196    71.804     7.637      1.771     
DP00438                   194.000    141.435    52.565     7.600      2.691     
DP00435                   806.000    545.922    260.078    9.655      2.099     
DP00862                   218.000    192.780    25.220     7.768      7.644     
DP00868                   279.000    195.263    83.737     8.124      2.332     
DP00231                   743.000    696.893    46.107     9.537      15.115    
DP00239                   639.000    369.343    269.657    9.320      1.370     
DP01044                   103.000    65.344     37.656     6.687      1.735     
DP00519                   2843.000   2634.653   208.347    11.473     12.645    
DP00184                   427.000    316.377    110.623    8.738      2.860     
DP00122                   1861.000   1776.901   84.099     10.862     21.129    
DP01024                   2225.000   1388.516   836.484    11.120     1.660     
DP00064                   279.000    177.967    101.033    8.124      1.761     
DP00894                   82.000     43.515     38.485     6.358      1.131     
DP00899                   150.000    116.383    33.617     7.229      3.462     
DP00698                   532.000    371.579    160.421    9.055      2.316     
DP00693                   189.000    154.740    34.260     7.562      4.517     
DP00195                   90.000     89.999     0.001      6.492      96267.127 
DP00190                   599.000    385.890    213.110    9.226      1.811     
DP00057                   62.000     62.000     0.000      5.954      3072504838.238
DP00675                   3988.000   2302.191   1685.809   11.961     1.366     
DP00673                   3430.000   1960.577   1469.423   11.744     1.334     
DP00966                   120.000    87.448     32.552     6.907      2.686     
DP00823                   99.000     74.564     24.436     6.629      3.051     
DP00587                   243.000    214.258    28.742     7.925      7.455     
DP00948                   422.000    365.140    56.860     8.721      6.422     
DP00942                   145.000    135.600    9.400      7.180      14.425    
DP00279                   163.000    114.404    48.596     7.349      2.354     
DP00376                   585.000    504.239    80.761     9.192      6.244     
DP00277                   69.000     66.207     2.793      6.109      23.703    
DP00969                   391.000    332.133    58.867     8.611      5.642     
DP00475                   58.000     50.582     7.418      5.858      6.819     
DP00359                   107.000    96.851     10.149     6.741      9.543     
DP00994                   273.000    266.933    6.067      8.093      43.997    
DP00993                   369.000    355.935    13.065     8.527      27.243    
DP00384                   215.000    206.609    8.391      7.748      24.623    
DP00012                   1480.000   816.243    663.757    10.531     1.230     
DP00017                   316.000    292.448    23.552     8.304      12.417    
DP00153                   189.000    120.650    68.350     7.562      1.765     
DP01014                   89.000     78.993     10.007     6.476      7.894     
DP00633                   2414.000   2129.093   284.907    11.237     7.473     
DP00901                   209.000    200.758    8.242      7.707      24.359    
DP00334                   491.000    419.910    71.090     8.940      5.907     
DP00708                   739.000    656.777    82.223     9.529      7.988     
DP00707                   740.000    660.436    79.564     9.531      8.301     
DP00448                   1164.000   887.301    276.699    10.185     3.207     
DP00447                   241.000    224.741    16.259     7.913      13.822    
DP00976                   856.000    487.492    368.508    9.741      1.323     
DP00970                   156.000    127.339    28.661     7.285      4.443     
DP00872                   489.000    334.863    154.137    8.934      2.173     
DP00200                   164.000    120.442    43.558     7.358      2.765     
DP00209                   38.000     34.728     3.272      5.248      10.613    
DP00697                   532.000    371.989    160.011    9.055      2.325     
DP01056                   996.000    967.672    28.328     9.960      34.159    
DP00113                   117.000    82.553     34.447     6.870      2.396     
DP01052                   466.000    421.357    44.643     8.864      9.438     
DP00055                   756.000    531.566    224.434    9.562      2.368     
DP00747                   153.000    133.996    19.004     7.257      7.051     
DP01045                   190.000    143.295    46.705     7.570      3.068     
DP01042                   806.000    465.713    340.287    9.655      1.369     
DP00062                   462.000    347.473    114.527    8.852      3.034     
DP00641                   97.000     67.149     29.851     6.600      2.250     
DP00871                   121.000    90.457     30.543     6.919      2.962     
DP00564                   170.000    136.474    33.526     7.409      4.071     
DP00677                   151.000    125.127    25.873     7.238      4.836     
DP00245                   380.000    258.152    121.848    8.570      2.119     
DP00243                   273.000    230.207    42.793     8.093      5.379     
DP00930                   227.000    226.995    0.005      7.827      50203.429 
DP01055                   103.000    91.168     11.832     6.687      7.705     
DP00414                   151.000    122.137    28.863     7.238      4.232     
DP01034                   65.000     56.676     8.324      6.022      6.809     
DP00130                   72.000     72.000     0.000      6.170      248200148.283
DP00847                   112.000    88.074     23.926     6.807      3.681     
DP01033                   359.000    287.795    71.205     8.488      4.042     
DP00849                   102.000    61.338     40.662     6.672      1.509     
DP00487                   399.000    245.560    153.440    8.640      1.600     
DP00014                   447.000    361.355    85.645     8.804      4.219     
DP00159                   884.000    635.346    248.654    9.788      2.555     
DP01017                   124.000    84.323     39.677     6.954      2.125     
DP00630                   127.000    123.385    3.615      6.989      34.136    
DP00902                   250.000    171.669    78.331     7.966      2.192     
DP00904                   213.000    168.265    44.735     7.735      3.761     
DP00333                   417.000    312.977    104.023    8.704      3.009     
DP00704                   165.000    99.775     65.225     7.366      1.530     
DP00702                   504.000    463.857    40.143     8.977      11.555    
DP00521                   202.000    187.468    14.532     7.658      12.900    
DP00445                   175.000    146.778    28.222     7.451      5.201     
DP00974                   398.000    188.842    209.158    8.637      0.903     
DP00877                   64.000     60.036     3.964      6.000      15.145    
DP00870                   565.000    364.845    200.155    9.142      1.823     
DP00205                   117.000    98.889     18.111     6.870      5.460     
DP00754                   94.000     52.356     41.644     6.555      1.257     
DP01057                   139.000    127.007    11.993     7.119      10.590    
DP00116                   49.000     37.921     11.079     5.615      3.423     
DP01106                   622.000    451.896    170.104    9.281      2.657     
DP01051                   685.000    521.542    163.458    9.420      3.191     
DP00260                   439.000    391.913    47.087     8.778      8.323     
DP00749                   445.000    317.316    127.684    8.798      2.485     
DP01047                   354.000    279.229    74.771     8.468      3.734     
DP00061                   616.000    405.808    210.192    9.267      1.931     
DP01049                   274.000    205.696    68.304     8.098      3.011     
DP00761                   143.000    123.626    19.374     7.160      6.381     
DP00561                   508.000    333.860    174.140    8.989      1.917     
DP00566                   566.000    333.287    232.713    9.145      1.432     
DP00834                   89.000     69.794     19.206     6.476      3.634     
DP00246                   453.000    340.856    112.144    8.823      3.039     
DP00933                   108.000    89.054     18.946     6.755      4.700     
DP00936                   485.000    326.822    158.178    8.922      2.066     
DP00364                   184.000    111.125    72.875     7.524      1.525     
DP00570                   144.000    103.794    40.206     7.170      2.582     
DP00419                   376.000    231.589    144.411    8.555      1.604     
DP00842                   86.000     80.436     5.564      6.426      14.456    
DP00845                   107.000    91.256     15.744     6.741      5.796     
DP00840                   205.000    132.611    72.389     7.679      1.832     
DP01060                   118.000    117.699    0.301      6.883      390.622   
